1395197872 164
1395198933 174
1395204150 178
1395204972 185
1395206334 185
1395278467 186
1395279550 188
1395279732 187
1397535333 187
1397535384 195
1408489121 200
1408582591 200
1408582613 202
1409889324 222
1409889535 226
1410320515 237
1410320992 359
1410325464 360
1410325581 372
1412645374 376
1412652618 376
1412710379 416
1412712097 416
1412718783 453
1415236743 428
1416973910 629
1416974014 638
1416975973 647
1416977161 681
1416978197 688
1417040524 688
1417040559 732
1417040624 741
1421741761 754
1421741976 757
1421742047 796
1421742110 802
1421742325 808
1424220167 849
1426404979 860
1432075096 1132
1432082969 1138
1432173182 1138
1432781291 1143
1434602495 1143
1434603103 1145
1440989721 2747
1443150016 2747
1443563814 2758
1443994604 2756
1453351585 2595
1453488277 2606
1453844424 2602
1454285285 2677
1454960314 2685
1454979173 2685
1455038103 2851
1455044340 2851
1455057229 2856
1455060883 2913
1455136427 2954
1455154883 3003
1455210895 3011
1455218318 3018
1455218437 3013
1455253733 3158
1455311154 3173
1455391263 3180
1455407166 3246
1455495316 3533
1455497683 2828
1455497850 2964
1455500116 2977
1455502166 2985
1455503079 2985
1455503375 2920
1455503498 2917
1455680042 2917
1455976438 2938
1456084416 2981
1456087206 3011
1457730619 3016
1457899127 3077
1457919451 3078
1458075689 3111
1458075844 3112
1458076214 3113
1458076341 3114
1458076537 3114
1458275468 3123
1458277152 3120
1458349165 3237
1458702163 3205
1458729023 3320
1458795067 3462
1459147707 3521
1459196813 3523
1459743838 3529
1459745135 3530
1459746165 3531
1460350704 3542
1460370941 3631
1460434235 3670
1460436812 3684
1460696138 3819
1460698048 3867
1460757910 3837
1460768609 3946
1460769565 3947
1460769881 3953
1460770485 3953
1460771526 3953
1461046891 4007
1461108720 4009
1461195714 4014
1461195919 4014
1461223410 4113
1461573296 4118
1461578915 4218
1461579701 4218
1461581605 4219
1461631398 4255
1462097580 4259
1462158300 4294
1462406108 4314
1462411146 5780
1462411617 5780
1462412704 5721
1462414994 5721
1462743722 5725
1463088360 5733
1463126083 5734
1463179381 5784
1463353645 5783
1463453162 5823
1463605416 5934
1463689517 6001
1463831227 6011
1463831244 6017
1464123338 6122
1464234321 6088
1464413249 6092
1464413289 6092
1464579270 6119
1464641725 6120
1464660687 6073
1464728095 6109
1464728899 6153
1464731208 6153
1464733143 6154
1464735736 6157
1464737355 6148
1464737619 6148
1464777324 6151
1464812388 6161
1464815593 6161
1464816283 6162
1464825964 6164
1464839754 6205
1465944100 6204
1465975933 6204
1468547168 6328
1468827843 6330
1468842874 6455
1468879668 6456
1468885086 6497
1468899974 6564
1469017637 6564
1469097508 6764
1469161358 6770
1469169829 6794
1469413136 6867
1469591526 6872
1469660094 6883
1469678103 6883
1469829819 6885
1469830284 6889
1469831342 6911
1469833049 6913
1469838336 6920
1469880404 7038
1469880574 7038
1469927019 7089
1469928503 7089
1469928602 7142
1469932196 7160
1469935139 7164
1470023559 7233
1470033904 7248
1470045774 7267
1470169523 7282
1470344335 7282
1470610490 7817
1470624384 8236
1470694503 8249
1470694515 8226
1470772119 8226
1470772135 8227
1470772152 8227
1470781652 8228
1470783886 8226
1470788524 8234
1470791864 8234
1470791902 8238
1470808706 8532
1470823200 8526
1470882589 8508
1470888291 8508
1470975867 8517
1470991352 8517
1471136473 8521
1471493432 8535
1471549656 8525
1471642376 8526
1471664703 8541
1471745093 8991
1471745107 9156
1471835750 9188
1471838387 9230
1471838767 9233
1471919995 9228
1472013681 8117
1472065488 8117
1472452282 8122
1472507668 8127
1472520473 8121
1472533715 8130
1472534115 8140
1472535175 8139
1472603822 8149
1472618561 8147
1472618698 8147
1472622332 8200
1472624373 8200
1472624959 8228
1472766487 8230
1472775425 8246
1472778895 11291
1472862081 11295
1473051591 11539
1473124812 11561
1473279780 11574
1473748499 11574
1473750134 11951
1474339403 12000
1474349003 12056
1474352656 12067
1474365293 12065
1474403806 12075
1474405478 12069
1474410550 12071
1474430135 12072
1474842101 12082
1474885201 12173
1474888861 12165
1474918122 12191
1474919686 12229
1474923590 12228
1475033883 12228
1475042564 12264
1475043933 12274
1475049356 12269
1475216337 12282
1475216988 12404
1475217363 12407
1475218192 12408
1475445773 12527
1475446312 12541
1475449519 12656
1475452436 12662
1475453797 12695
1475470224 12732
1475470642 12733
1475473132 12741
1475479329 12868
1475625180 12871
1475629803 12874
1475630610 12872
1475704898 12874
1475748900 12962
1476057133 13383
1476057565 13383
1476057850 13383
1476164271 13448
1476175316 13521
1476226859 13506
1476247429 13513
1476332802 13524
1476343866 13535
1476347542 13577
1476402619 13575
1476414080 13594
1476416322 13615
1476652298 13719
1476665468 13735
1476665858 13744
1476669108 13747
1476676456 13856
1477007172 13884
1477015071 13947
1477114742 13949
1477277703 13982
1477280435 13982
1477334337 13982
1477339141 13982
1477349116 13982
1477438659 14027
1477607213 14159
1477609403 14199
1478280031 14199
1478280246 14199
1478280639 14200
1478416826 14240
1478623788 14241
1478711766 14411
1478713781 14418
1478797713 14419
1478810633 14684
1478812232 14684
1478815203 14684
1478884622 14684
1478910663 14688
1478910892 14689
1479248366 14699
1479406580 14695
1479418359 14694
1480323015 14695
1480454915 15380
1480532585 15380
1480914224 15458
1480915165 15515
1480925547 15580
1480932332 15591
1480933674 15591
1480975719 15608
1480983436 15609
1480988636 15609
1481001405 15634
1481092759 15634
1481092812 16573
1481400711 16589
1481405951 16620
1481416986 16685
1481417664 16685
1481433305 16719
1481442110 16725
1481449949 16734
1481494659 16782
1481499447 16829
1481504275 16884
1481508879 16891
1481512162 16890
1481513504 16889
1482107014 16922
1482110400 17029
1482270191 17081
1482270765 17266
1482363522 17275
1482374215 17276
1482381513 17278
1482546446 17316
1482546470 17316
1483477986 17318
1483478995 17533
1483498878 17533
1483510185 18057
1483510200 17966
1483515109 17966
1483526223 17978
1483585187 17978
1483586128 17751
1483586823 17716
1483587714 17717
1483589031 17717
1483679476 17741
1483759856 17783
1483918453 17839
1483926028 17843
1484100411 17855
1484100421 17875
1484174176 17878
1484174882 17948
1484176839 17963
1484193864 18169
1484196110 18169
1484196696 18169
1484197508 18169
1484359960 18190
1484359986 18191
1484456783 18203
1484529608 18203
1484534400 18203
1484555551 18203
1484612496 18208
1484699949 18208
1485075291 18205
1485300594 18205
1485806078 18205
1485806273 18208
1485806397 18521
1485806412 18838
1485808311 18838
1485808929 18837
1485814378 18882
1485818691 18889
1485919205 18895
1485922763 18897
1486193287 18978
1486417421 19001
1486670282 19041
1487030484 19041
1487031642 19041
1487045882 19042
1487638504 19070
1487674076 19145
1487748206 25597
1487795846 25600
1487797746 25607
1487803413 25627
1487806293 25607
1487812435 25625
1487816808 25659
1487818509 25671
1487819190 25672
1487908359 25708
1487908894 25707
1488002841 25796
1488084777 25796
1488097629 25775
1488100442 25775
1488142020 25786
1488142649 25786
1488148391 25822
1488151174 25896
1488161424 25909
1488162250 25908
1488164666 25909
1488321551 25905
1488339238 25855
1488343119 25884
1488487098 25886
1488510751 25892
1488510975 25920
1488512101 25923
1488514652 25923
1488515198 25925
1488686438 25926
1488746772 25926
1488755905 25973
1488786251 26031
1488786805 26032
1488866335 26101
1488915872 25977
1489000236 25978
1489001781 25980
1489002033 26014
1489016330 26082
1489020703 26084
1489029379 26084
1489029430 26084
1489040180 26058
1489041936 26060
1489089081 26064
1489116889 26064
1489355953 26072
1489356249 26086
1489373351 26099
1489377135 26111
1489387519 26229
1489456702 26237
1489457424 26239
1489458064 26242
1489463258 26247
1489466921 26254
1489531931 26250
1489571047 26248
1489625702 26256
1490108318 26256
1490126076 26265
1490130574 26324
1490130593 26324
1490155622 17651
1490156719 17651
1490216470 17650
1490229569 17654
1490229604 17721
1490236725 17717
1490737546 17859
1490746147 17854
1490974935 17854
1491193944 17892
1491194862 17895
1491358053 17895
1491532297 17895
1492465053 17895
1492472684 17905
1492475376 17906
1492476503 17908
1492486214 17924
1492488997 17933
1492489401 17883
1492492917 17880
1492501719 17880
1492652204 17883
1492816732 17883
1492820697 17893
1492824507 17896
1493002354 17897
1493008932 17996
1493009573 17996
1493163430 18068
1493183809 18125
1493251042 18210
1493338195 18256
1493339014 18262
1493340007 18216
1493595489 18252
1493695609 18282
1493717253 18306
1493717757 18355
1493717799 18355
1493720807 18392
1493721486 18391
1493723029 18342
1493766710 18395
1493766802 18395
1493777109 18396
1493783547 18407
1493784078 18520
1493784236 18524
1493784278 18523
1493784300 18523
1493785099 18521
1493786353 18500
1493791406 18513
1493795397 18557
1493796295 18557
1493796492 18557
1493857373 18559
1493867277 18565
1493867457 18565
1493870854 18581
1493949366 18628
1493953144 18635
1493955254 18638
1494139893 18639
1494193754 18639
1494196254 18642
1494201896 18755
1494201941 18767
1494209317 18795
1494217726 18831
1494219871 18837
1494228759 18863
1494275891 18863
1494466093 18966
1494472687 19097
1494553942 19108
1494554313 19108
1494555561 19109
1494556787 19110
1494564801 19113
1494577209 19012
1494578483 19023
1494633042 19023
1494634608 19041
1494635569 19041
1494635967 19065
1494651811 19065
1494665216 19075
1494666211 19151
1494666294 19154
1494666414 19157
1494668757 19156
1494669839 19157
1494671657 19157
1494672762 19163
1494672984 19163
1494712856 19175
1494723716 19205
1494730517 19247
1494735265 19255
1494740268 19350
1494740875 19350
1494742882 19350
1494742933 19350
1494823710 19353
1494909616 19358
1494911649 19358
1494971959 19358
1495064064 19377
1495066306 19393
1495142329 19395
1495169222 19401
1495170507 19402
1495171188 19413
1495173936 19417
1495236174 19458
1495246135 19490
1495246954 19492
1495253120 19492
1495270582 19646
1495280990 19699
1495281200 19699
1495285971 19712
1495320596 19715
1495399072 19855
1495408794 19862
1495417624 19949
1495420011 20020
1495425993 20030
1495428485 20042
1495431016 20043
1495433250 20044
1495434808 20034
1495441656 20059
1495598100 20203
1495598602 20203
1495599755 20304
1495599776 20303
1495600092 20303
1495600207 20303
1495600501 20303
1495605161 20312
1495605486 20313
1495616158 20320
1495616669 20320
1495617914 20321
1495618201 20322
1495661463 20321
1495663556 20330
1495672600 20384
1495672965 20384
1495674971 20385
1495676150 20390
1495676695 20392
1495679091 20394
1495681708 20399
1495684199 20399
1495685580 20401
1495690769 20404
1495708367 20410
1495931780 20396
1495949827 20585
1496009181 20587
1496033151 20587
1496034341 20587
1496047211 20590
1496119738 20594
1496143684 20601
1496199620 20646
1496206056 20650
1496208628 20673
1496209751 20677
1496261059 20713
1496270198 20732
1496272749 20761
1496362292 20766
1496444223 20781
1496445106 20781
1496446198 20781
1496470406 20781
1496470504 20781
1496549986 20864
1496564579 20888
1496566982 20894
1496625247 20900
1496636213 20913
1496703932 20936
1496707112 20940
1496783185 20951
1496786879 20947
1496790218 21003
1496792414 20995
1496798698 21004
1496801268 21005
1496801435 21013
1496869039 21044
1496890627 21074
1496892496 21078
1496926292 21124
1497052911 21124
1497061727 21180
1497071128 21194
1497073032 21196
1497076362 21206
1497089096 21199
1497139526 21138
1497140599 21135
1497229888 21157
1497233671 21156
1497235257 21157
1497237841 21156
1497238267 21171
1497239889 21171
1497268361 21209
1497296784 21209
1497305061 21243
1497305580 21250
1497316905 21250
1497404935 21277
1497433923 21283
1497604028 21308
1497925200 21324
1498172185 21324
1498190080 21324
1498190327 21325
1498623635 21325
1499051804 21416
1499052054 21426
1499052799 21430
1499053666 21430
1499055682 21430
1499070429 21433
1499137979 21511
1499138911 21512
1499143737 21537
1499319421 21491
1499324428 18865
1499332992 20011
1499337720 20012
1499564049 20000
1499677398 19989
1499678627 19992
1499680827 20008
1499685337 19992
1499687872 20075
1499690739 20151
1499933252 20147
1499992543 20231
1499994241 20253
1499995954 20257
1500000377 20257
1500072095 20260
1500244275 20260
1500245067 20260
1500249899 20260
1500253288 20261
1500269919 20279
1500446498 20336
1500581251 20348
1500850820 20376
1500953384 20388
1500976753 20406
1500978062 20406
1501027131 20450
1501032345 20462
1501049282 20461
1501055703 20564
1501148109 20695
1501155397 20717
1501197925 20727
1501200237 20728
1501283183 20731
1501283421 20731
1501478094 20731
1501482807 20820
1501546127 20913
1501643565 20961
1501651051 21037
1501659949 21042
1501669325 21081
1501734549 21194
1501745955 21195
1501806631 21195
1501826339 21218
1502070578 21223
1502078535 21245
1502083342 21245
1502139462 21255
1502139494 21255
1502156431 21310
1502169809 21316
1502175207 21320
1502185561 21319
1502241168 21319
1502267961 21327
1502353042 21328
1502356075 21340
1502356792 21353
1502696520 21464
1503128482 21472
1503131103 21480
1503218382 21489
1503226266 21515
1503265628 21518
1503274870 21540
1503278182 21547
1503282517 21575
1503286451 21575
1503312147 21577
1503448329 21579
1503448455 21579
1503450934 21591
1503458770 21645
1503460643 21650
1503462194 21657
1503520117 21870
1503539474 21829
1503541510 21822
1503548198 21833
1503568293 21839
1503574904 21841
1503603195 21826
1503603217 21826
1503608054 21829
1503610862 21840
1503612213 21839
1503614845 21844
1503616069 21847
1503629128 22047
1503701873 22040
1503702515 22043
1503728707 22046
1503733044 22050
1503785312 22063
1503824108 22066
1503824213 22215
1503824391 22211
1503829651 22217
1503836264 22220
1503863879 22213
1503869975 22229
1503881876 22242
1503882549 22254
1503886101 22258
1503887338 22406
1503887792 22406
1503891204 22406
1503894579 22432
1503894857 22432
1503897407 22445
1503897423 22447
1503901853 22434
1503903692 22437
1503912458 22437
1503953995 22425
1503958233 22453
1503958626 22453
1503959992 22454
1503968129 22431
1503968381 22431
1503969765 22428
1503969943 22428
1503973021 22428
1503976312 22428
1503977855 22428
1503977887 22428
1504049058 22435
1504074639 22435
1504121117 22441
1504130314 22441
1504130453 22441
1504209435 22441
1504221299 22433
1504223645 22434
1504229047 22469
1504249534 22349
1504264903 22348
1504326044 22349
1504345616 22350
1504355765 22356
1504432304 22451
1504467264 22458
1504471275 22465
1504471981 22463
1504472204 22464
1504475865 22465
1504482085 22470
1504484201 22460
1504492951 22476
1504496264 22483
1504504619 22487
1504512526 22488
1504558107 22497
1504569511 22514
1504657654 22548
1504657820 22548
1504678224 22552
1504729230 22608
1504757886 22609
1504812535 22653
1504826301 22666
1504843639 22685
1504899536 22698
1504904046 22704
1504999473 22718
1505004041 22722
1505029451 22632
1505070968 22633
1505092298 22669
1505100258 22690
1505101802 22742
1505102261 22742
1505108905 22787
1505114394 22786
1505174598 22792
1505187340 22792
1505189064 22792
1505251734 22794
1505422480 22795
1505715046 22801
1505730257 22787
1505774433 22784
1505785986 22787
1505942778 22789
1505951095 22788
1505954611 22789
1505960075 22779
1505970662 22776
1505974605 22773
1506053343 22874
1506053669 22874
1506061843 22997
1506062850 22999
1506066660 22999
1506122808 23022
1506134830 23053
1506139168 23051
1506214845 23081
1506285988 23089
1506290909 23173
1506292794 23176
1506293417 23176
1506295433 23176
1506302918 23183
1506303403 23185
1506305136 23188
1506314735 23205
1506325960 23217
1506326362 23226
1506339484 23250
1506371292 23252
1506378782 23285
1506380253 23288
1506384001 23293
1506400645 23386
1506413779 23348
1506457681 23348
1506461987 23352
1506467878 23388
1506474352 23406
1506475626 23397
1506499545 23409
1506505642 23416
1506553348 23417
1506554283 23419
1506557006 23423
1506567092 23541
1506578991 23745
1506588081 23833
1506643967 23833
1506644463 23833
1506727486 23839
1506732470 23905
1506831493 23934
1506836164 23941
1506843046 23941
1506854921 23945
1506885938 23937
1506886761 23937
1506890220 23937
1506890290 24164
1506893793 24165
1506897649 24165
1506900301 24177
1506908848 24170
1506911920 24170
1506916877 24169
1506919264 24177
1506919579 24177
1506940540 24180
1506941731 24180
1506973143 24182
1506974716 24183
1506975087 24185
1506977438 24185
1506982035 24189
1506987516 24219
1506988921 24223
1506989316 24227
1506991551 24227
1506999790 24228
1506999807 24229
1507001296 24229
1507001563 24337
1507002861 24337
1507003843 24337
1507052936 24443
1507091410 24514
1507107318 24515
1507413668 24714
1507428372 24715
1507428968 24790
1507440005 25013
1507495701 25015
1507518638 25015
1507518853 25015
1507565697 25015
1507582035 24999
1507689305 24999
1507691858 25000
1507740714 25001
1507776842 25001
1507824549 24995
1507836553 24995
1507836611 24943
1507840346 24952
1507843772 24950
1507844649 24963
1507845481 24964
1507847230 24980
1507847944 24982
1507849865 24865
1507850372 24868
1507851800 24868
1507876373 24891
1507920925 24897
1507933145 24892
1508034887 24952
1508046506 25112
1508049547 25250
1508052012 24989
1508091152 25004
1508093327 25004
1508097846 25349
1508112239 25435
1508193773 25602
1508218451 25603
1508303423 25556
1508613498 25573
1508692628 25582
1508693285 25582
1508712953 25602
1508726382 25583
1508740318 25697
1508797117 25701
1508912758 25694
1508964269 25773
1508964826 25866
1508973305 25872
1508976792 25871
1509046299 25890
1509072427 25899
1509080356 25911
1509125643 25912
1509139148 25947
1509151938 25918
1509205999 25918
1509227423 25987
1509229887 25991
1509239737 26026
1509263004 26026
1509319932 26026
1509322651 26034
1509324604 26034
1509332632 26033
1509332738 26034
1509333893 26034
1509335313 26034
1509437037 26043
1509475153 26062
1509500094 26061
1509574675 26060
1509578148 26073
1509745336 26082
1509758411 26088
1509762233 26085
1509772218 26162
1509826142 26162
1509848094 26156
1509862576 26164
1509873804 26166
1509876616 26164
1510025010 26181
1510029591 26292
1510030519 26293
1510257683 26294
1510267590 26348
1510272568 26347
1510357786 26358
1510361768 26361
1510434901 26366
1510486578 26373
1510533264 26446
1510541743 26447
1510542059 26447
1510546941 26447
1510555151 26463
1510564889 26473
1510688249 26521
1510699338 26523
1510713058 26526
1510718577 26531
1510784699 26542
1510786132 26568
1510789781 26568
1510804504 26570
1510805513 26547
1510811262 26596
1510811517 26596
1510811691 26592
1510865032 26615
1510867424 26638
1510898978 26703
1510903824 26737
1510958202 26743
1510960791 26743
1510971395 26700
1510974770 26700
1511041051 26704
1511124693 26719
1511126258 26754
1511132446 26774
1511133773 26884
1511134793 26884
1511136086 26884
1511138119 26780
1511148469 26780
1511150795 26780
1511155004 26796
1511165081 26810
1511174028 26814
1511210190 26858
1511212331 26884
1511213346 26889
1511216404 26920
1511217333 26920
1511217344 26920
1511219974 27010
1511294649 27010
1511394834 26997
1511394849 27005
1511394862 27026
1511474750 27034
1511482555 27081
1511663727 27094
1511734578 27096
1511736259 27106
1511737896 27174
1511739875 27210
1511743882 27229
1511748705 27262
1511750328 27319
1511750508 27319
1511751585 27326
1511751700 27311
1511754089 27317
1511754462 27322
1511755050 27320
1511756032 27321
1511756680 27321
1511759268 27360
1511759850 27372
1511761052 27369
1511776231 27481
1511779231 27482
1511780259 27492
1511781397 27497
1511782417 27497
1511809816 27499
1511810950 27501
1511812468 27502
1511823876 27502
1511830906 27416
1511837863 27416
1511908873 27442
1511909307 27529
1511924600 27550
1511932383 27597
1511933316 27597
1511993447 27598
1512100678 27607
1512101407 27613
1512116930 27617
1512117670 27623
1512157757 27627
1512191495 27630
1512247594 27889
1512249583 27899
1512250144 27900
1512269336 28063
1512271105 28070
1512273978 28081
1512329006 28081
1512349533 28081
1512356117 28345
1512356683 28346
1512357884 28346
1512358192 28346
1512367908 28346
1512367974 28351
1512416156 28364
1512416612 28386
1512416892 28402
1512418289 28435
1512419721 28439
1512421506 28438
1512441170 28566
1512456842 28569
1512503789 28571
1512503973 28573
1512510722 28599
1512511082 28600
1512527381 28606
1512540090 28610
1512546488 28608
1512613254 29018
1512614063 29018
1512616971 29018
1512617408 29021
1512617862 29024
1512682835 29285
1512706120 29400
1512786301 29400
1512803805 29407
1512868557 29407
1512871632 29679
1512874657 29688
1512949625 29863
1512952776 29937
1512957683 29939
1512973052 29939
1513022477 29957
1513029583 29976
1513031031 29977
1513031752 29977
1513032188 29977
1513061870 29977
1513223041 30048
1513224023 30053
1513224649 30053
1513286482 30237
1513291307 30237
1513333467 30237
1513334972 30237
1513336549 30238
1513366664 30242
1513369552 30247
1513371842 30270
1513374015 30247
1513374056 30259
1513374593 30261
1513381293 30264
1513396285 30266
1513486623 30274
1513539096 30276
1513544385 30277
1513564473 30277
1513564707 30695
1513568147 30695
1513568485 30695
1513654305 30701
1513719462 30767
1513743452 30792
1513745950 30798
1513752433 30811
1513900471 30906
1514492984 30908
1514945571 30908
1515019569 30924
1515019742 30908
1515022542 30922
1515025333 30888
1515031574 30887
1515034868 30916
1515042966 30954
1515102785 31024
1515139110 31028
1515190274 31038
1515380404 31059
1515380501 31059
1515381749 31061
1515385405 31061
1515385450 31116
1515461949 31165
1515465556 31165
1515465566 31171
1515472513 31191
1515534920 31221
1515535497 31221
1515545450 31215
1515548023 31224
1515637529 31254
1515641287 31254
1515649369 31329
1515696816 31331
1515705898 31333
1515706001 31422
1515708103 31452
1515710199 31456
1515710670 31504
1515711678 31518
1515716083 31525
1515723501 31526
1515789985 31570
1515796229 31592
1515961611 31593
1515963102 31593
1515964179 31595
1515970195 31596
1515972128 31619
1515976098 31627
1515980081 31677
1515980173 31677
1515983091 31736
1515984750 31736
1515989335 31736
1515991724 31736
1516050363 31739
1516056092 31752
1516058690 31752
1516059102 31752
1516080705 31863
1516085518 31863
1516087947 31863
1516091453 31863
1516093596 31863
1516175702 31863
1516242421 32027
1516243349 32027
1516265044 32063
1516307434 32054
1516308384 32054
1516308420 32054
1516312539 32055
1516319672 32062
1516322310 32078
1516323635 32119
1516336815 32124
1516579194 32143
1516584011 32165
1516586627 32165
1516590009 32165
1516678528 32238
1516738806 32248
1516738941 32248
1516742977 32278
1516743015 32284
1516759861 32306
1516759871 32334
1516760356 32334
1516790516 32333
1516851714 32470
1516857215 32470
1517037561 32510
1517107949 32563
1517162866 32565
1517178713 32578
1517184082 32645
1517184402 32645
1517185136 32670
1517186514 32670
1517186561 32610
1517188319 32609
1517244395 32609
1517255758 32695
1517269686 32738
1517271527 32749
1517274746 32750
1517274881 32950
1517297060 33048
1517302746 33094
1517520225 33247
1517521223 33248
1517522907 33401
1517525811 33402
1517558594 33406
1517595411 33422
1517597351 33440
1517605714 33466
1517609172 33467
1517610835 33469
1517777703 33497
1517786760 33547
1517795869 33557
1517796656 33555
1517797524 33558
1517797999 33558
1517802371 33560
1517806034 33560
1517808552 33561
1517857930 33631
1517863428 33650
1517871801 33631
1517901125 33643
1517903895 33637
1517975431 33703
1517979197 33704
1517982488 33704
1518028186 33704
1518037042 33705
1518039543 33707
1518042518 33709
1518123065 33683
1518123400 33697
1518130235 33714
1518132301 33735
1518208514 33742
1518312152 33742
1518317724 33725
1518395026 33749
1518395567 33753
1518403792 33753
1518404769 33753
1518405202 33754
1518489716 33761
1518491638 33765
1518496384 33735
1518497426 33736
1518571582 33739
1518571617 33739
1518576056 33740
1518647410 33773
1518655834 33816
1518657233 33826
1518661853 32954
1518665607 32954
1518737335 32968
1518739391 32967
1518739911 32967
1518909119 32967
1518949533 32980
1519001848 33004
1519007117 33004
1519025675 33049
1519025705 33049
1519025783 33094
1519025838 33094
1519090209 33104
1519098234 33108
1519103426 33167
1519105189 33168
1519111386 33179
1519172412 33186
1519189209 33187
1519254379 33231
1519259082 33232
1519271582 33231
1519346722 33257
1519355151 33257
1519357804 33261
1519359468 33269
1519362711 33296
1519373164 33310
1519374350 33310
1519440558 33352
1519443395 33355
1519448594 33333
1519464308 33352
1519467404 33358
1519512933 33373
1519514201 33389
1519538745 33396
1519589353 33396
1519604681 33427
1519605485 33439
1519609085 33467
1519629395 33475
1519642343 33496
1519674363 33502
1519679389 33507
1519680257 33507
1519685007 33536
1519686025 33456
1519688371 33457
1519694180 33458
1519695418 33458
1519697112 33459
1519703167 33473
1519759596 33485
1519770877 33485
1519775584 33544
1519776576 33549
1519777214 33549
1519778950 33549
1519813010 33555
1519813030 33557
1519849357 33568
1519872946 33574
1519936950 33642
1519940009 33642
1519945786 33640
1519957915 33666
1519962784 33823
1520047387 33823
1520066684 33825
1520111909 33825
1520133380 33848
1520218003 33848
1520232519 33886
1520236747 33915
1520308833 33920
1520320539 33920
1520387373 33935
1520412473 33940
1520464174 33962
1520483804 33975
1520494590 34013
1520665076 34029
1520797075 34029
1520799810 34029
1520799948 34029
1520803267 34048
1520812319 34037
1520817939 34041
1520817981 34041
1520818339 34042
1520821619 34042
1520823365 34044
1520824401 34044
1520888166 34090
1520888512 34090
1520899244 34106
1520903393 34107
1521001597 34196
1521005009 34578
1521005032 34628
1521006099 34631
1521058280 34644
1521063992 34650
1521080636 34659
1521146969 34680
1521158708 34715
1521164315 34727
1521174718 34741
1521174727 34741
1521198798 34822
1521405598 34896
1521405609 34887
1521411266 34889
1521417015 34887
1521422164 34889
1521424720 34890
1521428769 34976
1521431865 34976
1521510886 34976
1521514021 34979
1521516222 34980
1521599762 34983
1521601685 34966
1521602728 34964
1521680258 34988
1521693825 34997
1521947886 35023
1522014500 35036
1522014534 35036
1522014877 37770
1522015774 37770
1522024070 37782
1522026967 37783
1522029747 37783
1522032428 37783
1522035130 37780
1522100972 37780
1522101003 37780
1522276470 37798
1522702183 37813
1522713967 37813
1522714196 37813
1522714254 37813
1522714380 37813
1522817408 37819
1522874517 37819
1522957696 37830
1523062827 37863
1523352360 37863
1523352390 37961
1523484523 37961
1523661037 37962
1523826940 37962
1523827263 37962
1523849241 38003
1523858882 38005
1523874314 38016
1523913326 38038
1523995375 38059
1523995431 38095
1524133547 38104
1524471522 38104
1524475301 38104
1524526132 38101
1524526863 38101
1524527369 38101
1524534015 38102
1524537262 38118
1524541130 38145
1524541784 38148
1524610950 38150
1524612882 38154
1524614914 38167
1524628295 38179
1524629565 38238
1524646232 38263
1524654421 38263
1525038182 38260
1525038229 38279
1525038253 38279
1525038309 38279
1525038414 38302
1525038678 38299
1525043022 38312
1525044569 38316
1525045763 38334
1525046870 38340
1525059320 38365
1525063095 38365
1525071956 38365
1525084109 38360
1525088499 38364
1525121399 38437
1525151100 38405
1525170339 38436
1525174865 38451
1525642496 38476
1525643569 38476
1525661927 38506
1525664247 38507
1525666025 38507
1525732042 38588
1525732497 38589
1525733977 38575
1525736029 38575
1525737300 38626
1525738308 38651
1525743938 38655
1525752893 38673
1525756038 38753
1525759623 38768
1525763529 38830
1525810462 38827
1525812421 38827
1525825442 38832
1525828067 39165
1525829092 39165
1525844413 39278
1525901009 39351
1525911494 39364
1525917659 39364
1525919817 39367
1525929413 39378
1525943859 39379
1525943932 39477
1525944170 39481
1525996256 39504
1525996286 39504
1526010770 39533
1526013597 39682
1526013621 39913
1526016565 39912
1526016908 39912
1526035157 39914
1526035261 40095
1526035691 40101
1526040584 40104
1526068097 40104
1526192856 40123
1526192955 40123
1526198418 40134
1526199854 40134
1526200904 40150
1526202102 40140
1526205108 40154
1526212543 40187
1526212943 40175
1526251723 40163
1526252330 40163
1526255175 40152
1526255212 40152
1526262162 40163
1526268827 40163
1526269860 40163
1526272818 40163
1526276369 40163
1526329212 40164
1526329225 40175
1526329274 40175
1526346370 40181
1526347236 40328
1526355371 43893
1526356371 43894
1526369587 44005
1526369675 44163
1526378582 44210
1526387071 44276
1526416352 44276
1526434451 44304
1526434906 44304
1526441105 44397
1526444494 44417
1526445464 44420
1526445485 44516
1526447643 44542
1526453843 44541
1526465564 44532
1526513301 44543
1526525328 44405
1526532583 44405
1526592755 44430
1526592841 44430
1526600899 44431
1526608852 44432
1526874030 44484
1526877358 44511
1526878947 44510
1526880106 44511
1526887740 44511
1526889602 44495
1526889755 44495
1527034974 44494
1527048262 44461
1527053547 44494
1527053567 44454
1527058615 44466
1527070984 44490
1527075306 44470
1527133842 44472
1527211735 44473
1527221226 44490
1527222578 44505
1527455129 44515
1527462124 44537
1527468454 44578
1527479473 44607
1527482107 43745
1527482139 43705
1527484548 43705
1527486497 43773
1527490797 43777
1527549338 43777
1527557068 43789
1527583202 43789
1527591863 43896
1527655657 43900
1527674377 43898
1527675784 43897
1527713929 43905
1527737391 43911
1527745521 43940
1527840810 43964
1527841164 43974
1527844775 43974
1528145002 43974
1528145281 43974
1528161846 43975
1528165312 43980
1528177295 43980
1528244962 43997
1528253806 43964
1528260432 44197
1528283672 44197
1528283688 44197
1528342456 44202
1528359788 44202
1528412457 44202
1528419238 44203
1528419737 44204
1528445313 44220
1528539344 44220
1528667597 44220
1528667652 44265
1528671899 44277
1528677157 44283
1528682748 44295
1528689283 44301
1528694871 44300
1528696941 44300
1528718800 44323
1528755945 44324
1528781552 44323
1528925167 45686
1528925766 45686
1528952060 45686
1529010097 45691
1529223042 45720
1529233385 45747
1529273217 45747
1529291547 45979
1529295025 45979
1529295374 45980
1529299667 45987
1529301252 45989
1529303360 45997
1529304142 45994
1529308503 46025
1529351220 46082
1529358796 46081
1529366087 46083
1529368404 46083
1529368445 46083
1529373546 46084
1529373647 46081
1529374838 46080
1529375374 46080
1529376527 46081
1529387589 46081
1529388618 46142
1529404295 46161
1529438141 46162
1529443834 46163
1529489902 46170
1529496123 46169
1529550357 46169
1529611877 46167
1529649705 46167
1529873838 46167
1529873915 46166
1529882647 46178
1529883198 46178
1529979927 46178
1529986520 46178
1530251215 46178
1530251232 46178
1530311614 46189
1530387946 46192
1530479090 46192
1530488031 46180
1530497849 46179
1530503197 46186
1530515206 46229
1530565056 46229
1530659550 46229
1530827628 46225
1530830070 46228
1530856101 46059
1530870647 46061
1530930287 46061
1530930338 46063
1530930350 46063
1530930407 46064
1530946636 46075
1530950641 46093
1531002557 46093
1531013525 46110
1531013994 46105
1531022220 46108
1531129187 46114
1531193048 46127
1531298419 46127
1531307637 46125
1531352432 46129
1531554656 46131
1531638081 46144
1531684755 46149
1531692167 46155
1531693186 46154
1531695940 46154
1531697317 46152
1531709606 46177
1531713605 46177
1531714384 46179
1531717314 46179
1531718740 46177
1531774355 46181
1531782593 46217
1531802559 46217
1532038439 46237
1532060300 46186
1532118017 45287
1532161844 44820
1532172952 44719
1532308893 44719
1532317927 44720
1532318985 44720
1532322392 44723
1532323324 44723
1532327745 44724
1532328865 44726
1532330060 44723
1532337005 44723
1532342971 44723
1532474541 44726
1532475737 44727
1532475811 44781
1532475946 45200
1532494802 45207
1532499605 45209
1532605327 44569
1532608993 44572
1532609494 44576
1532645382 44574
1532675937 44584
1532744339 44600
1532769448 44613
1532772707 44633
1532842645 44453
1532845975 44453
1532854366 44453
1532856088 44453
1532919505 44450
1532920835 44450
1532924286 44450
1532925311 44451
1532929513 44451
1532929629 44451
1532945435 44451
1533023961 44451
1533024011 44451
1533030768 44465
1533074926 44467
1533117425 44472
1533180088 44512
1533279430 44688
1533371575 44688
1533377022 44748
1533378650 44758
1533438228 44766
1533459048 43997
1533469622 43991
1533504772 43991
1533505240 43812
1533511170 43812
1533517242 43820
1533521394 43824
1533530186 43829
1533533171 43711
1533535000 43691
1533542933 43829
1533543160 43379
1533548789 43384
1533550930 43384
1533551134 43421
1533603351 43429
1533611915 43434
1533620496 43473
1533621009 43471
1533621836 43472
1533714033 43741
1533725565 43744
1533770495 43747
1533797045 43750
1533897911 43802
1533899187 43802
1533936971 43817
1533939668 43817
1533939720 43817
1533980768 43839
1534109027 43839
1534109092 43839
1534112257 43911
1534125634 43911
1534125970 43911
1534127593 43912
1534130482 43914
1534134303 43919
1534158213 43922
1534189888 43956
1534192575 43956
1534192606 43956
1534202142 43986
1534205909 44038
1534220021 44049
1534247255 44096
1534276297 44098
1534278910 44111
1534280533 44120
1534281069 44124
1534283592 44119
1534295820 44145
1534305589 43890
1534307484 43890
1534314194 43890
1534370567 43974
1534380913 43989
1534422934 43992
1534422991 44019
1534423681 44021
1534481318 43569
1534481383 43571
1534633371 43568
1534633479 43546
1534674127 43548
1534674784 43590
1534678178 43601
1534679659 43603
1534722250 43606
1534728225 43600
1534728283 43600
1534729637 43606
1534740225 43606
1534762526 43615
1534827797 43647
1534831052 43691
1534850089 43696
1534852608 43479
1534895240 43468
1534981817 43450
1534992201 43450
1535001149 43453
1535001704 43454
1535005759 43457
1535012343 43558
1535020840 43558
1535024222 43579
1535025574 43586
1535056897 43586
1535058594 43586
1535068082 43592
1535069971 43614
1535087836 43615
1535087903 43673
1535101672 43742
1535103711 43752
1535104423 43742
1535248621 43741
1535248647 43741
1535266035 43786
1535266226 43789
1535272416 43779
1535280896 43780
1535314500 43780
1535326516 43784
1535335740 43775
1535337686 43780
1535337715 43780
1535337842 43780
1535340767 43778
1535342489 43780
1535354924 43794
1535356753 43827
1535356830 43866
1535413226 43870
1535413291 43956
1535413374 43956
1535418249 43960
1535432742 43961
1535434277 43961
1535490127 43960
1535495119 43959
1535520124 43886
1535675737 44152
1535675835 44153
1535676636 44148
1535687729 44222
1535692417 44234
1535753262 44237
1535755003 44235
1535767167 44248
1535776481 44255
1535777467 44260
1535781634 44260
1535784712 44260
1535786998 44260
1535836411 44259
1535838005 44270
1535918549 44270
1535929938 44281
1535932941 44295
1535933214 44296
1535933234 44296
1535938195 44406
1535938212 44406
1535940213 44424
1535942291 44422
1535943148 44420
1535943528 44420
1535945055 44424
1535947467 44427
1535948600 44427
1535956037 44317
1535958216 44243
1535965496 44243
1536088807 44251
1536121641 44258
1536127154 44271
1536131291 44278
1536132002 44281
1536144278 44288
1536180224 44288
1536182067 44288
1536224092 44290
1536295768 44478
1536300998 44485
1536302730 44485
1536315043 44623
1536319475 44641
1536399997 44639
1536440637 44630
1536524633 44630
1536542363 44638
1536547983 44651
1536548740 44651
1536549006 44652
1536550127 44680
1536553675 44675
1536564900 44688
1536577713 44695
1536895862 44934
1536900145 44930
1536912556 44947
1536962917 44971
1536974937 44976
1536985109 44988
1536992249 45004
1536992863 45005
1536994647 45003
1537080130 45099
1537132097 45099
1537138378 45115
1537142642 45116
1537144666 45115
1537145505 45120
1537146964 45121
1537149976 45123
1537153035 45125
1537153060 45328
1537155002 45125
1537188762 45136
1537221642 45146
1537225303 45146
1537228186 45146
1537229210 45146
1537325046 45147
1537390799 45287
1537402043 45288
1537473408 45326
1537483719 45339
1537484899 45478
1537485438 45480
1537494061 45484
1537496435 45499
1537604761 45525
1537665802 45544
1537686149 45547
1537704011 45537
1537704851 45538
1537741678 45524
1537744534 45514
1537748753 45510
1537752179 45511
1537753729 45516
1537757848 45555
1537758312 45556
1537760192 45554
1537762524 45554
1537769320 45564
1537771362 45568
1537772352 45572
1537772577 45574
1537779361 45573
1537788112 45589
1537825825 45598
1537831542 45598
1537852780 45623
1537924816 45634
1537926351 45636
1537929599 45651
1537937902 45657
1537939835 45658
1537942883 45658
1538000586 45659
1538014391 45656
1538020067 45637
1538022508 45636
1538037898 45637
1538090724 45640
1538097120 45657
1538101294 45659
1538103622 45660
1538104274 45661
1538108966 45660
1538188987 45729
1538192515 45727
1538264479 45737
1538295616 45755
1538295681 45783
1538295722 45780
1538338490 45782
1538339103 45782
1538342648 45782
1538344220 45830
1538347996 45831
1538365995 45831
1538507102 45832
1538535687 45858
1538539097 45853
1538602471 45883
1538607336 45883
1538965330 45883
1538966573 45883
1538973328 45883
1538983296 45883
1538987005 46070
1539044639 46098
1539053100 46098
1539060291 46174
1539116245 46174
1539138658 46190
1539229303 46202
1539304672 46201
1539556626 46201
1539556774 46212
1539556791 46212
1539634416 46212
1539636750 46216
1539637239 46433
1539640748 46434
1539645476 46430
1539646167 46415
1540339660 46456
1540821739 46560
1540989282 46601
1540989913 46643
1541176853 46695
1541176944 46719
1541194694 46727
1541353742 46727
1541356169 46727
1541613987 46727
1541631918 46748
1541631971 46799
1543193386 46821
1543193451 46856
1543193488 46868
1543259739 46681
1543271647 46681
1543271673 46681
1543271718 46717
1543275625 46716
1543279371 46716
1543296664 46716
1543302932 46716
1543348975 46791
1543351601 46808
1543361904 46969
1543453583 46971
1543453600 46978
1543459719 46986
1543523447 46768
1543790408 46837
1543799975 46822
1543895988 46781
1543992066 46780
1543999228 46776
1544041290 46997
1544043612 46997
1544049180 46997
1544058256 47006
1544060025 47009
1544060428 47020
1544130799 47020
1544225141 47029
1544225166 47060
1544402575 47081
1544410601 47091
1544410762 47085
1544414145 46999
1544417364 46999
1544472458 47056
1544485390 47056
1544485410 47056
1544492873 47058
1544493864 47058
1544505463 47069
1544510213 47086
1544510283 47101
1544510298 47104
1544574288 47105
1544575424 47107
1544588015 47107
1544588056 47107
1544592015 47107
1544644001 47104
1544657631 47106
1544661779 47120
1544668372 47130
1544734525 47134
1544738767 47149
1544758396 47147
1544999518 47148
1545164164 47152
1545178060 47182
1545179870 47430
1545183049 47430
1545184290 47430
